18108	16923	26711	14172	5385
2930	20896	26686	11482	20655
522	12557	14176	27319	31997
22185	5032	30888	22963	23014
14967	27777	4208	8731	991
13968	24447	17513	10917	15263
1008	29644	10579	477	16915
26083	19739	16526	31155	14463
6770	15986	16914	9197	24424
10999	18857	1540	4041	24094
30108	4589	18166	11053	31999
12469	2944	12825	31691	24212
12426	23474	14750	4347	28891
27788	8246	29023	8133	23217
7595	30920	3002	21000	28272
14360	28327	4995	2824	22812
2072	6924	13704	9300	15625
14381	25296	6018	22925	1410
31624	22773	20513	27358	12508
5010	4813	5696	24824	1959
25088	6004	18242	23664	11561
2697	29786	32357	24853	31990
18899	5705	16395	31115	30126
25843	8105	26393	10650	4059
10365	9696	2542	10852	29539
6077	4194	2027	8353	32528
24209	8851	17603	24687	15407
8911	18231	21260	15626	21420
3753	27622	19138	4068	5917
12210	3655	29603	19917	14216
29975	24342	20168	29774	20021
5561	24647	15589	15080	1629
18382	4885	28473	2044	21767
19257	32298	5949	15965	682
11702	24773	11099	4332	3725
9283	2243	24475	21388	15418
622	21779	9470	22157	16103
15842	27541	10700	14533	24815
20262	13121	20940	10855	25895
18872	31683	6507	19178	4370
4883	23674	10135	6793	18212
18592	20971	15808	11383	5980
5555	30354	21635	5970	21766
21399	1873	15285	325	16758
31446	13938	10196	16109	9236
2333	3733	17825	32239	14492
7209	29607	25040	3990	2021
16846	19963	7065	3478	21170
13745	20749	8437	9858	14085
477	23785	16268	21119	4831
10879	909	114	7175	23465
26043	16413	24400	13754	9614
31876	16998	10141	11858	25356
14100	10201	25454	2009	15984
30277	25970	29672	29384	15754
7138	30955	17483	20573	4036
26344	21623	32378	25323	32656
7238	15711	28674	17248	18712
8397	24407	29817	31839	24320
15469	27456	23052	23721	22592
6325	4541	31919	1110	21140
20131	12202	29322	17709	14901
32540	17816	9988	32150	4205
7783	2600	28103	23469	12826
26452	20108	4616	13525	16071
22559	28680	9551	27363	27544
30606	17692	136	8727	19854
18872	22830	8887	14221	4691
8900	27442	29916	28254	4428
30548	28562	16602	3635	29473
330	3163	369	25541	18337
13278	4197	29504	17518	31825
28270	19150	17856	6875	6985
10263	20889	23535	11053	6427
4459	12051	29864	2779	31062
9072	16439	5832	10015	8474
21928	15085	13552	27421	816
26843	31698	13900	31308	5976
490	24777	7768	17094	4215
5715	8432	2133	11655	27987
2058	18408	30076	18596	31184
30920	4162	2597	27198	7435
15949	25089	1664	32706	14677
18105	31241	10726	25809	25078
26995	14848	2613	32273	16153
2714	7402	16478	9590	21352
16913	15420	19260	12598	6136
10973	19764	16529	31064	21462
25048	14133	14421	29286	8882
10298	3379	9094	3955	24317
13528	10420	9938	31951	31493
2943	12586	17760	11347	28115
6354	17897	11248	4866	27707
17181	10519	28054	26061	6605
12369	15833	5502	32349	5229
3361	2102	18155	27456	4572
2278	11321	6685	18527	22370
11614	11795	19566	28931	561
31721	16266	18173	18544	17370
18430	32384	22452	21776	29864
5778	26645	27875	4488	4007
30620	19918	14602	28933	6765
18997	11795	18395	8625	16089
19149	31770	17733	14615	4147
5914	15396	17636	8795	22510
28565	7816	15750	12675	13588
17437	28649	3707	15105	8902
9274	30412	5130	23472	18681
29463	3417	23754	8323	18889
15230	18756	1496	29171	27163
28105	12839	22506	23122	15483
20255	20382	31727	3250	25076
20667	3412	6773	23347	22657
20008	436	22343	3428	12479
12619	23495	99	13896	4535
7557	10280	25016	23446	6999
29156	28026	23009	6563	1000
12243	5096	19116	3588	23063
6928	12192	17312	32397	30799
32349	23452	2339	30052	6151
12775	5842	15831	23627	26337
22479	5044	25968	6257	26743
5127	31010	4326	19703	18198
14846	1935	31679	30817	26076
20249	8868	4698	11488	3499
4823	31205	27967	23234	32650
9614	24530	24270	31580	27788
348	20618	24713	18809	17564
27676	4050	3279	22801	16368
12845	15138	4751	27476	26925
4896	15750	10963	6703	30536
27661	20051	16458	14189	1970
29934	28916	30186	13313	10896
32628	9378	19925	17237	27404
21950	4961	4256	994	23590
16636	19451	29362	30652	11953
21425	3894	2395	14979	5421
12624	2706	2944	16657	26877
17696	31116	9494	18682	1583
9706	18342	12340	18769	4235
8506	15856	5947	13847	3957
23743	5188	700	24062	4127
31387	9657	286	28913	31819
4521	24093	1183	18672	13712
15708	23305	13111	15015	16946
7988	12823	21223	1159	1714
14801	25687	10290	19407	10408
7446	3604	7808	17248	15400
31473	14348	32121	6913	20498
32120	2344	17362	12699	23731
27418	8341	13996	20614	3560
3802	32570	14138	4440	25679
19372	26630	20825	12306	29237
13119	24765	17591	19956	14654
29620	22296	973	17424	30220
15839	14597	4064	18731	7636
6048	11813	26056	3815	15482
28555	23916	1533	27431	163
30636	3963	9100	9545	26403
9875	30010	16089	21041	13649
11406	2321	11127	2404	13705
14788	5646	18861	20592	28484
20874	14473	29731	6541	27057
20191	31294	18994	9723	31720
28913	5896	29897	5569	11935
31635	20070	18098	825	25908
19390	828	9049	22032	27872
21732	10526	19136	19253	1474
18122	20154	13182	30921	1820
27522	25487	15059	14190	24208
26573	6260	22415	16896	21608
17531	11102	5116	22105	23367
18987	18666	22555	20176	18381
21588	13865	1905	21379	21659
16186	17782	26763	19803	31807
3946	27780	7325	31768	14621
22405	5824	7962	20343	16889
29988	7746	29952	29761	924
18997	31531	21511	14480	15871
17510	19299	9205	392	15074
1456	24814	22486	26658	7725
30271	13573	31045	7251	20854
6150	15380	23032	18648	17434
24779	12072	20492	5645	3240
32702	19338	28979	2357	1734
11969	36	7252	31635	20747
17718	21775	27807	9553	14015
22813	27685	16510	25351	32563
27264	23204	22543	16912	23105
14065	19205	22599	31251	7760
15234	31947	24656	22750	3721
13372	9311	21011	23872	6900
16852	21421	29548	2000	4421
859	14766	4030	29421	3887
1919	13835	1795	13505	6381
21866	4056	3874	9234	3523
22963	22407	19033	17090	17516
1202	24944	30490	19147	29983
20492	4253	9118	4084	31328
20733	22684	2214	31323	3935
28412	12650	8100	32421	32213
2146	29526	3192	20020	27524
15227	9496	24831	8010	14922
26595	30348	5148	9505	6311
29697	5757	3904	22951	17002
22007	17483	31343	923	28359
20094	26456	14539	25161	9390
1498	14061	10786	15363	2452
1229	21039	31095	3613	32496
17713	16141	392	23848	14389
4306	11193	30201	24772	3477
24171	23471	25039	14181	6652
12091	7001	18383	13055	17617
18658	3028	17536	30276	6807
940	31509	16156	13627	16957
1193	32381	17619	18522	12552
31415	3604	22460	3882	684
10893	31169	4927	18661	23444
13798	4478	21619	8178	13318
6574	9095	30798	18000	32625
23505	1626	5897	6995	9369
29375	30215	4246	1694	17865
489	9147	28081	7890	10519
28112	10257	30320	15997	30845
32645	22366	7686	3788	18492
14891	7386	20155	356	28580
16728	18308	25484	17922	32466
12455	30906	21716	28939	1467
6732	7083	21361	4858	28815
24455	12315	16005	20513	29444
641	6780	4359	21828	18941
3007	15245	21404	18437	4480
9953	6654	26150	31121	25966
24105	32703	3431	6906	4498
2947	1009	6270	17936	24748
17435	22984	12619	5120	17440
16595	31458	10373	4500	10978
16735	4099	20013	15198	476
14142	11605	30837	20082	6640
15984	5486	32613	6792	4077
1742	19216	6565	30478	15405
28817	2385	2168	7125	24885
30717	3450	7200	5282	20289
541	5774	29639	16976	26608
12456	1668	10300	31120	30360
20504	15855	2809	901	1614
3045	8848	21424	3943	27562
5868	7248	29382	26903	15720
17709	10334	31564	30057	24575
29404	20844	7280	14724	12435
12060	14046	24675	20267	5305
22922	15811	19977	12123	8197
7083	31614	19598	15272	13592
22703	19914	26466	11232	20551
22456	19523	73	11230	14628
8903	26216	29735	17856	7395
5435	10204	8350	25809	27526
30059	12907	15516	1646	25437
18285	2667	9686	5003	4410
23949	31357	3327	2110	14408
14804	14507	26858	10849	5024
31948	18620	2155	25940	8988
32500	19408	18220	30138	23824
26529	20233	16090	29452	7709
9487	5932	23387	8963	17920
12045	19107	5783	3927	32368
24380	9590	28964	1931	27751
22811	25003	6209	15694	25901
28346	13906	3007	32142	2254
8772	9896	292	25573	7440
1106	1381	2593	23693	15454
3749	31777	23198	9600	287
31519	27418	4861	5829	22729
17534	28133	26055	26848	26453
9744	17381	28819	4194	14043
4725	12185	8596	15264	16180
24337	11687	20470	1484	16921
4761	14254	15913	9264	20180
2696	17276	24908	32020	24505
16395	21435	8989	13597	27071
17338	16159	3644	31596	13526
16356	1790	30430	11526	21439
22062	31655	20869	14901	31665
16043	30065	1128	5762	28264
30245	28743	7797	4102	343
19064	32168	8482	8432	768
17863	2650	10415	24760	32008
11928	24956	32624	16098	8991
3725	1248	11404	23639	10298
14419	26937	23385	26785	26897
7700	10297	1529	20369	16893
9493	14007	21851	8449	1505
23395	28607	24476	30961	27191
31032	30126	19523	30844	13725
23869	7058	32165	27917	28912
21275	11304	18840	13895	4909
31776	25518	3995	16499	17316
10568	4569	19714	30948	3032
31230	1569	31241	8433	32338
29402	30411	8630	30564	3908
22479	29956	7369	28814	16326
12383	20883	7628	582	15261
15507	10625	11366	852	10319
22513	31516	26117	26306	24099
23383	18437	13526	1464	20444
31279	22946	16751	22754	24395
32099	32371	14700	31805	29756
15979	13929	24301	30893	17984
11148	2042	4565	28077	4588
17182	8551	23432	21596	6751
21870	15058	3464	20475	31168
13440	3028	2833	25924	14854
14068	8975	32483	27817	13131
13791	5711	11650	24325	29905
3190	8785	1267	21574	1989
15111	24873	2594	12317	1041
21337	1775	11926	20838	23278
21969	27894	3663	14568	3886
20719	15865	21370	18970	28444
30908	14181	14467	29114	29225
21266	23073	12070	21462	18290
29211	11291	30953	27286	11129
1448	22117	22541	6221	32498
7223	11009	30625	11951	23295
15888	28191	2141	15008	3308
7555	15686	3462	5041	18113
12597	19642	18441	25333	32501
18599	2050	24335	18574	6825
6826	26170	20287	9051	7792
26385	3898	8605	314	16257
23330	11880	24133	15228	13125
10577	24000	21091	21657	25054
29224	20272	15224	2444	3938
20326	5659	15004	14234	17594
25304	8097	31198	25983	13851
1995	15993	14290	25638	29681
32016	9097	2696	26720	14463
14044	13663	3942	23665	2513
7245	30876	22721	27753	13115
247	5780	19340	2768	12174
9010	30901	15536	4905	11433
16477	24437	27789	11296	31529
15982	12682	23036	1491	20762
13504	18356	19416	11874	32309
15220	20710	30618	8345	10613
25860	30518	5971	26391	28543
28492	31059	29635	31896	21453
3223	29571	31215	27779	1658
14174	19886	6858	1215	28533
13429	16142	2913	25310	4616
31240	4888	18756	8378	17848
29867	8763	11160	8737	15609
9828	16214	20935	13765	11845
32251	25065	12100	10981	331
31358	22120	3114	30712	12786
9194	12531	27015	24733	12314
15605	19716	12295	30566	28758
24165	25054	23468	23819	24255
2739	28223	5618	11050	15480
20155	13231	22133	23738	10889
19270	12682	8862	10545	12925
28320	30877	20835	11759	19235
15871	12995	25840	27747	9241
24696	14116	23294	9030	2163
20446	18702	17318	13183	4922
3859	13721	31245	16633	2975
30202	14781	26911	20932	31260
6060	3662	21053	8069	23424
4577	27487	23404	28468	17864
3006	26100	4004	16422	21406
23846	31192	19627	24864	7089
8464	6067	13097	16225	14740
28443	20241	7007	9272	13543
5392	4654	1713	24470	28521
4960	7323	9279	18516	14620
3398	9844	29356	16722	21060
18899	29021	24248	31411	363
18827	7563	22347	14549	19331
22535	23334	13071	32354	30370
15698	31511	6791	30733	10009
16972	16058	31976	31499	18564
19481	21319	208	10732	5318
15849	431	11939	18770	29490
8669	30741	20712	4078	646
10265	30777	31172	30877	24010
9003	28028	25700	9254	27969
13552	30138	11880	25801	16595
26920	32293	19655	8741	2473
20265	4516	8050	829	25871
23702	25038	21036	5794	29135
30096	23323	13047	17765	6865
30672	7238	29444	8611	1221
13453	1109	19985	15214	30691
12845	32731	25930	24732	3190
6638	13227	28962	13534	26021
18502	32654	6209	28098	14970
7945	21207	3371	9568	17125
11037	11620	2711	30587	20357
28880	5580	19650	17116	17575
3340	20148	9087	5814	31177
10081	14653	10970	22190	18128
30219	19514	20002	11417	21867
22087	21918	12099	18073	20853
12719	23902	3450	8118	11978
21600	17989	29883	6867	10560
30702	5610	19308	16084	24919
7709	15614	9707	27958	16673
5768	25386	30916	19177	7722
13991	22827	22165	27248	16711
19372	31015	23648	9175	15508
23551	11842	29677	4316	796
9010	8829	24227	15121	9062
12346	16460	27337	20800	19378
11895	17658	25363	13608	3233
5482	19893	1072	21657	9701
3017	11021	3242	30457	3529
21451	29826	18552	7894	29467
5348	11691	19007	11505	7698
10582	3539	26335	16632	3440
25831	9263	28440	6815	30757
1987	11577	7029	32283	6061
25807	30573	6271	7822	24617
31139	14915	18095	23901	18263
25181	19169	25587	16928	14164
22805	18772	20976	20361	698
4080	21195	12875	22234	3378
8774	23960	499	549	2242
23732	3990	4835	31334	15212
10689	18626	27613	25127	29181
2876	14037	9905	20536	15266
18994	7623	21344	24448	8726
31074	32707	1487	17298	32708
10025	21213	14377	26436	9903
24317	17673	8920	9826	21486
23048	27495	13983	29964	29791
4556	26413	32313	28970	26026
13335	1417	2971	15602	25674
19375	769	26677	13811	10027
9341	8107	29847	30257	13438
13567	21743	17240	29697	5600
12937	2312	15754	27464	2847
16288	30177	24970	21430	8810
19597	25886	886	22335	2066
24621	28748	25849	23018	17627
22850	9373	30276	28758	15001
6469	27518	12962	18348	23247
30052	1827	9860	32584	18470
18919	18746	12054	3867	30138
272	20455	6968	14055	10062
29277	32078	24270	30686	28278
2055	1066	31143	23229	30111
23583	4265	18994	11618	6150
5597	31994	25832	21497	4298
28615	6419	25117	28391	30213
6853	32434	21684	19146	11106
14556	25751	17530	25865	7214
6007	5949	27281	26364	794
21026	6981	22877	10815	784
18016	26882	12922	11633	6727
26042	7123	32668	19337	23233
22046	29446	12183	14540	20505
17193	18243	5333	23623	26416
29945	1958	1935	31335	23232
31271	15763	16229	7152	27240
22226	10742	32433	30062	27772
7115	10551	12734	3609	16353
30399	9899	13528	12465	8264
27743	4280	21788	13586	16554
2905	8213	7896	7309	7327
7948	11724	5765	19724	798
26711	7577	474	4349	6797
22819	28379	9121	24946	14686
18961	11692	11759	1203	7437
26014	31634	28099	20488	2237
14089	32307	19138	24769	4188
25147	18206	30787	13549	24814
12666	10724	11569	3399	13008
30269	23084	31735	16526	19594
20142	2544	20021	12821	79
32689	31923	29796	3116	7504
25473	21026	2910	23369	20349
18126	13118	27656	4997	25893
15707	19000	18135	27728	21304
24521	3371	974	31174	4548
17549	18975	14500	15566	13564
8758	31001	28285	7621	27548
22733	26462	15516	4452	27723
12739	10879	7122	11575	22861
10827	12490	4174	3900	17691
12026	32546	18297	20580	20423
12691	6752	14801	31736	8973
30543	13535	16165	8067	29680
9784	1501	9262	17478	26833
4762	4102	10104	18626	21862
24573	21856	20456	4681	29438
14547	16445	633	4521	687
22514	23617	13771	24998	15185
28077	19871	27340	8277	13818
30406	32481	6150	10689	27912
14431	4502	3549	10440	11843
29502	5409	26953	6043	25813
11451	9891	7124	10293	9062
10115	23489	6989	5971	13989
32619	16390	22229	13331	21659
26071	8143	32283	18984	20775
27102	28177	21505	31846	10053
25801	1017	20201	10396	8915
25429	25994	3896	26741	22807
18684	31321	6505	10505	11758
23318	24667	22408	6887	6921
3617	32278	4060	442	12472
23709	2962	1228	7682	13188
2742	28394	28226	12915	23742
2415	8787	2023	27261	13528
29099	23925	19081	7146	31763
19677	16205	28066	23332	6614
31469	18913	20353	15507	17629
19668	1494	2329	23871	25893
12180	32576	14849	24803	27497
3978	31155	23857	14721	24743
10281	1202	30591	25028	12500
18608	8250	13719	6881	271
19255	16940	27407	7924	10219
29036	18257	24116	28845	28274
14375	8575	4477	27534	9148
25929	32375	15637	24256	30076
30229	21743	28419	20959	11047
27358	23510	27972	4756	23950
10274	13172	20686	6242	21061
475	790	2553	30128	32500
24693	30594	27201	31858	28278
14532	32097	20531	17828	10476
8413	20454	8647	22549	11142
23414	14813	18842	1927	8765
7130	19227	27273	3818	2079
12368	29576	1582	2236	32656
19059	25641	16486	23328	7558
25752	11575	13116	6248	25019
23336	3303	12548	5639	16974
26995	26151	19600	19671	6864
19422	11317	16580	4244	397
2441	2404	27086	28111	27524
7316	22411	23569	12014	30648
7204	22509	29831	28792	13133
25160	17911	21819	28383	23594
7544	6500	5216	17248	15429
2383	18264	7379	31681	16906
19539	10407	1384	26835	28853
15379	7542	24149	9024	23811
27737	27043	2406	31599	29400
5872	7504	25721	5375	17940
8362	19273	26577	9407	28725
937	11693	4219	1034	19039
11644	7267	10415	14158	20640
13989	15579	13643	13212	10681
9	7104	5507	30046	15807
17923	21026	15193	24987	17524
21229	15341	16418	856	8874
7705	8264	888	4063	32660
20927	121	2556	2185	23552
8442	9545	32531	4634	3184
29070	5751	5949	705	3972
30243	8198	20897	12542	13418
31880	17328	28631	16637	14110
25936	10138	31528	21491	15176
15860	28626	32078	18202	1498
31539	10398	29988	10618	19027
73	20601	18147	30790	7733
6269	11123	17193	25362	5186
23044	5339	30318	16294	18389
23419	15222	11817	31802	28070
18061	16271	32516	30317	8079
569	16814	9497	23778	24388
28492	7326	25409	27742	20276
24287	22087	32620	9833	12199
1470	24542	17355	11107	25509
12749	8961	3489	20227	30425
21026	25417	16238	16581	1574
9373	7514	29135	2575	29426
21282	9936	29911	30252	25304
10008	21016	5627	3277	30215
10622	2775	21215	25195	4333
700	25733	12189	13681	21925
16283	13402	1769	1483	4590
2914	29299	1946	10119	12755
22422	3448	29112	12099	9266
21301	29416	9119	17192	9552
6942	22214	18889	8175	24910
9700	4096	24988	9574	27279
7998	11713	10008	14244	9256
15074	7526	2016	20227	10396
15087	14909	20187	22881	11003
30738	21366	11249	21320	24809
16892	20631	26258	6175	2147
13865	5092	4158	15260	19133
24225	12315	27775	3115	27473
11694	24439	9287	19756	15028
4845	3291	8297	24326	16502
30566	32067	7351	17595	29847
4048	14833	6700	6024	24705
19597	21092	4283	6520	25459
14938	31957	21645	27063	5453
25372	15902	8048	6766	8114
6298	17496	8522	13711	27852
20517	10494	17472	29417	21674
9753	7521	88	26028	17231
13787	1603	8837	227	28382
27874	15739	24274	29341	22402
7390	32192	8397	7512	29155
25252	18139	775	24899	18738
8176	243	6547	12555	22693
8771	29538	4519	4742	18616
30484	24830	9032	24881	25729
22777	3018	21754	6221	10140
25294	17368	27397	30192	12148
21205	26111	29106	28538	7116
27118	17853	17717	2483	9031
11575	2382	11691	26711	3454
15422	22729	23841	17105	4999
1698	30969	3006	7863	25752
18913	16207	16414	487	4519
14836	30026	29807	6330	11567
11079	32319	21200	15874	6808
32741	12602	7704	26355	17272
16130	2997	32448	27746	25290
25695	30288	6126	25188	13898
23261	31381	1072	31876	14662
1544	27193	29157	21639	25597
783	9908	18426	20922	11362
17689	4431	10338	25443	12359
15948	7682	7899	27238	14918
2907	12039	27969	30555	17005
16186	25012	28532	16840	21810
25043	14590	20626	27189	12763
11107	20311	31219	7129	20299
18835	8987	23068	5780	5121
13755	15452	6162	929	19288
29607	19206	2444	17617	12559
32352	16247	18932	789	1972
12553	9949	7635	26110	28125
8979	31213	21526	12373	11872
30262	1777	9508	32628	26657
5021	8090	57	18158	14586
18094	9204	23952	2361	1741
800	12128	12054	21605	22793
31620	19157	2864	16171	2846
8958	30273	16970	13876	9432
19663	11598	19298	28838	12228
9700	17985	28068	29701	30421
150	8639	17792	9252	19003
18712	28407	9450	5069	26935
21134	24306	6171	23567	24341
16404	12361	3766	3606	4434
16072	28641	13982	24500	23798
18977	16588	5859	14228	1503
1563	10632	17899	3864	27247
25442	18366	23257	31200	16682
13806	18554	5962	27174	4592
23194	1937	10127	16367	990
26036	30116	22464	872	19353
2698	6281	3353	15250	28394
27441	14727	5810	1097	8071
31165	11219	5414	20529	2741
11106	19157	6491	9366	3057
9502	3611	25006	11130	20373
6310	6445	14708	28855	12597
10663	13720	20169	6069	28488
3952	26225	31793	25044	12964
20241	16896	5734	3076	2279
18862	8420	21332	4325	28075
4421	9691	22097	7605	2178
15786	28188	17671	8541	20909
8196	26431	10453	27251	10600
8208	25188	14269	20974	29100
21502	13000	11735	3566	21962
6490	10781	1611	24990	3471
15954	3703	24125	26209	24632
15830	25168	31992	5407	31657
11045	695	15618	501	17193
11266	29536	9010	5158	15313
8668	16057	24893	15350	8339
4075	25763	28206	65	17441
3355	16873	23059	854	5943
23257	16713	22422	32334	29757
12948	7973	316	11498	7465
30064	14045	2078	25000	16053
28231	12036	25264	17009	22217
16135	830	141	11175	12503
11978	11591	24467	9276	18208
32737	1003	7325	5119	16396
26550	31311	4211	15891	10844
15519	12786	8648	15911	22686
1337	15407	5757	12463	15588
18412	32218	30929	3536	17516
20368	5037	30001	22486	4414
13407	17522	25520	10258	20740
3792	14418	9662	12808	21684
4875	26939	10796	2261	21268
3904	17242	19210	4409	28289
27688	29936	1601	7080	29230
21568	27682	12564	21768	12013
17894	22100	15914	27904	14939
17250	10598	1076	28029	15263
2623	337	1188	15506	31211
19272	16750	23649	14890	31763
24426	5131	6345	27467	8329
29035	32757	18054	13381	27885
16192	21366	25998	24333	22901
14275	15225	20884	25372	25251
30888	10386	15820	29759	9591
24346	15411	16070	4331	21440
31462	15693	29787	24787	31209
7277	9692	15451	17150	12443
1390	23505	10414	30277	4328
22433	27160	30642	19107	2656
18300	13463	24297	26573	21383
26488	13340	18313	3420	17604
20902	8086	3943	4016	18852
27281	24289	8399	4433	13743
10273	14966	29748	4729	29609
18130	3594	26695	8172	23493
30577	24958	11232	8325	4441
28809	7752	28916	6954	10392
5567	23229	32693	26139	19843
20530	1245	765	8967	11496
18946	4769	26679	26640	16688
24989	3721	4244	3852	13625
30408	28405	32122	1702	29087
26855	27919	13822	15592	681
28986	28927	2482	6694	817
18823	22292	14286	30621	14287
11701	4401	8964	1127	2070
6496	22778	22005	29606	15107
12807	24237	13956	6202	17495
25999	1553	27701	15140	10084
6718	27282	30948	19318	10639
14457	12338	26642	6641	23417
8061	21183	29249	14881	23410
14395	22680	2654	21546	14393
10584	18840	275	221	29432
6795	24480	9715	25231	9445
12464	12275	27937	21156	8383
7861	16813	1838	18127	23540
20467	11309	9748	22916	28677
12337	7778	22355	30356	21251
30551	3361	16888	23498	29256
13311	3068	5344	3820	11145
3183	10610	28363	14051	14444
16602	868	3444	10852	29628
29473	15205	32496	30434	24827
3544	12888	6104	749	1769
19171	26439	13082	5477	23516
11538	26557	3148	11625	562
15828	5641	5387	11345	652
8044	19188	5929	26475	30315
18444	1947	19776	6301	30914
25743	20938	28018	20627	12686
3115	26675	2651	5920	9227
19901	8542	5351	12171	6653
20245	14712	1008	16682	6586
31741	25868	18629	16274	5003
16236	29778	2814	26692	22851
467	23359	31276	9753	12809
28172	22988	10547	6250	13782
3721	4801	28385	18645	1729
970	26952	13530	28075	9432
17574	17364	747	31587	3624
32031	20472	10750	24033	28560
22318	1859	321	4161	6322
14207	20823	14877	2313	13598
12486	6698	21879	29653	28040
5274	4633	2705	614	28303
11714	4131	29747	18610	18325
5800	18124	13938	16999	29114
17871	32284	12754	13144	7454
19872	32024	2965	32018	28701
21438	30468	18047	20529	20452
26591	31340	21251	25190	22009
27023	22541	25781	24938	24458
27050	27763	29684	17896	27235
15568	3383	31446	19193	29095
9625	22433	5426	16471	21491
8947	22372	27234	8700	27341
15555	15816	15222	580	24170
16161	25626	7931	6442	22909
24644	21092	29718	12284	15455
23222	25546	27948	7950	1964
30335	11301	4639	12036	13521
22374	28208	27827	17226	6510
21791	10984	4278	15130	26419
11719	7462	3010	7948	7906
9664	12049	74	21623	16717
27816	1280	20588	14720	23922
30167	13067	11527	4805	6402
7549	18003	4926	25573	16392
4904	18777	7045	4104	18659
16338	4014	25007	399	18367
23782	24956	15782	25706	24852
10620	13991	6384	20208	28227
20060	29595	3114	32681	9959
29439	18010	6469	12178	8406
27306	16043	12884	32412	27717
8037	11811	8169	1406	16050
2557	3730	24513	23297	27828
21631	20026	20779	17788	18251
1863	30580	20789	29086	2206
11328	10361	13897	4670	5269
8805	2342	25623	18004	6184
22957	10872	23095	21837	2903
17724	8585	16584	6067	21940
31657	2754	13897	16211	1852
27428	9778	1820	11061	15589
30067	15820	13190	532	25118
24775	32163	7333	12583	24003
28859	18427	5895	9526	15797
7993	3602	30592	8941	15433
13977	22744	12203	15272	7359
22520	17255	12536	28	5000
17599	22596	30995	10828	19508
4112	6131	524	16040	26664
22992	4423	5016	20773	3872
6038	17177	14528	4117	28898
6036	7894	23228	28485	24385
28479	30426	26561	14692	11343
15233	23971	31562	13864	21110
30901	26882	15046	5443	12838
15836	6856	8218	25658	16547
20223	13936	10417	24474	6840
21845	12793	4151	5833	3989
2835	28321	24926	3985	27205
22763	32385	23258	645	526
13675	13202	32672	14505	30348
13187	6445	23927	5724	31996
26677	17812	26847	7536	27551
1135	2555	32204	26462	22926
24186	31900	2649	15877	6621
3548	1821	19892	21734	31903
2885	2115	227	10850	16805
9695	17340	26669	19257	31665
2236	17775	23248	11299	21023
28823	24440	7890	5984	1394
27048	31825	15423	25927	14128
10659	27796	29876	4577	32631
26838	23367	27900	14625	3946
8412	27995	22365	11949	17593
18529	29378	27584	10858	9635
14855	18966	30813	28499	6137
8127	17470	15728	15672	625
10512	18352	2485	31067	8976
2600	4587	32682	19786	2241
15328	9175	23800	23899	12251
20407	30366	31934	6370	1345
14566	24133	28922	7196	6459
29257	21789	19440	28200	4942
7419	3945	17263	24048	12913
11275	21481	7051	25802	27321
17697	11181	13240	19715	174
6205	19984	19250	18260	16488
16457	26389	23002	17999	3763
8074	21417	11122	14199	4299
4905	18394	22610	19838	19419
2057	29712	15483	7734	7586
5067	1883	20803	3800	16353
26052	2551	20632	3254	20855
7252	22390	14127	28438	21054
19289	3305	14262	17438	18917
7229	12073	7992	25515	26613
13064	30157	16403	6859	11906
29936	5125	30373	16104	7208
22362	31634	5364	21195	25861
644	7901	30485	29185	18379
18203	17163	1786	8534	21498
8978	26811	23720	13281	23118
7002	155	16991	4284	27685
28376	20987	9998	11851	8466
1720	27722	5706	32261	19818
4385	24604	562	31675	29968
11297	14423	25852	10552	16075
15792	28589	17662	3851	19952
30667	26722	20351	4862	2524
2080	24152	13424	17083	24456
18445	25288	24611	9246	18625
23153	19966	22257	30837	6775
15467	20412	3565	19209	2706
23998	25700	4016	4647	6745
12271	16717	8127	18797	3249
19412	9173	25458	21700	11211
26779	9559	26850	18304	22658
16926	22487	8205	8584	4660
4263	5645	16709	23697	2942
15899	17843	5524	5468	271
20160	12188	10877	1015	7317
22886	2953	5079	13988	17961
31104	4385	30580	23411	17507
5875	2348	24769	6307	23058
7905	3297	14155	31658	30367
3336	1260	19395	28729	25011
6988	14211	17617	11582	18893
24358	11046	20549	12447	4029
29856	28606	25253	7338	28445
16595	14888	21719	6009	13952
19518	4025	26847	27889	9976
3592	21715	28313	17999	10811
12283	12050	27596	5317	8112
22455	17657	6162	21577	16899
3210	8256	7201	15272	4683
669	7022	28783	21961	16613
13505	5586	8128	17464	28252
13403	17992	19421	24631	10938
1982	3001	30417	18089	10355
13965	5815	3968	16151	28659
27861	7831	23524	25110	30592
8543	30346	29492	5183	24895
20189	22229	7773	27952	11329
30408	27183	16663	10193	28642
10533	1766	27986	7798	659
19825	7898	30355	27965	20753
18240	9216	5541	12794	1858
11768	23827	13404	27001	6822
15721	26173	2301	20063	7587
18193	30424	8866	25392	19742
2603	28880	19445	25746	1826
3242	23834	17505	18585	27279
29338	13536	22667	28019	15246
9251	9023	6303	12084	9239
12593	8491	18114	11870	5057
6971	2029	18926	28829	16124
11320	28264	22512	349	28925
16697	20808	31885	23612	2162
19272	25657	551	28520	23057
387	5993	30987	28785	29377
23610	15367	32713	11002	11300
17564	10944	27937	16018	14398
30378	16143	25629	5868	10166
4162	19607	13904	13273	4184
8659	21147	30846	29001	826
20766	7914	4455	11791	4265
23409	18711	24189	25508	29531
22605	13670	4079	13715	12233
12010	28793	21013	4627	30137
5282	15381	18487	7961	31057
752	26176	7094	14293	19924
23415	26925	18045	26158	19033
20567	9973	31958	25689	15446
7783	5629	17754	30304	21325
18386	2794	21070	27928	14327
9024	6115	4483	935	4084
13533	23476	32419	6272	958
10519	29921	10362	13143	22522
23284	21903	6937	21480	6458
18751	2075	3015	24007	2650
20202	11697	8468	25150	11796
17554	18792	22990	19827	4998
6402	2609	26170	19184	21259
15695	24513	29530	17214	6668
27920	10767	5205	22594	30509
2938	8499	14465	24614	26429
11475	15238	27357	6672	11506
21884	21398	10592	4991	6388
25922	31907	17087	5542	6025
20605	6208	26341	409	16276
14979	11748	11697	32052	5480
29611	6508	7586	12633	11991
28366	2112	20791	26900	16912
28517	772	16475	24619	27129
3925	16364	31270	2771	29557
19722	14624	4564	21081	9082
1821	4800	2120	7609	6288
11743	19783	17664	684	13912
4677	25848	27243	25160	1291
7997	6235	24741	26338	14997
32043	28886	8705	10733	29433
22542	18877	1815	18265	20588
29039	32069	23077	19924	1572
24389	23815	13451	5896	25978
32711	23957	14479	20382	5461
1230	28265	26169	32150	31946
18467	6112	24558	17518	7325
11822	658	23115	4143	22148
19083	27070	20890	31360	12425
11720	14768	9278	13933	9646
14787	27217	10644	30544	17615
8064	15844	6985	8039	16960
19865	11980	16992	26614	18893
1849	15423	8169	10185	25474
15715	2569	22286	22337	15089
7522	3105	19349	21636	23133
27674	12736	26770	25789	25835
17281	924	16725	15985	27954
5661	13194	12348	15778	7472
30349	2079	30640	10751	20052
11638	8620	29680	11357	3386
11885	24974	25634	15046	7218
13367	11099	20838	9529	17035
25078	25253	24097	28048	24023
32083	24065	15525	13903	6488
19524	19500	19294	29756	28747
31479	1193	10866	7872	623
1082	6503	8379	25990	18681
22094	28823	25186	31982	17834
26770	21190	27444	8088	16168
10048	22972	27874	27948	26901
17095	18628	22955	28396	10785
29564	26496	12349	2590	403
16567	25463	5206	13294	31651
21236	16928	17555	30141	5277
28879	13372	67	4189	1455
25758	14989	327	21950	2934
13869	23942	19754	19032	16590
20744	4750	30519	28618	14057
8685	25011	18824	15778	7018
8486	10395	8686	16845	14189
13468	11392	25782	5238	3267
24166	12959	18062	72	30779
11923	25448	28796	18447	17840
30188	14502	27159	16478	31941
14238	26645	2892	17833	22315
25477	5167	12647	11550	13965
13881	11442	4651	14242	29275
27055	19082	3066	28475	9792
7250	13493	31988	2830	28560
17098	6289	28505	21546	23986
11079	3455	2422	2263	372
29773	25497	21435	13659	16649
10913	24808	2461	28219	20322
28572	28534	17215	4625	21552
13501	12428	30370	2892	5529
9410	8929	21452	11780	9845
594	31601	1793	16060	19402
19016	15261	120	17610	14554
29095	14436	24223	23833	8751
4577	2362	14853	28095	15487
22479	24097	30812	24139	21296
31897	2363	24283	5608	27952
27203	22298	3607	16107	17222
12756	273	18815	27903	18688
11445	27003	30667	3025	8845
21302	25128	31099	14506	10358
15086	31941	11325	15589	11087
29779	20982	13620	9360	29617
28701	27916	11652	2335	7793
20409	3021	5151	18371	3990
17618	30911	10578	26678	12927
15270	27621	22359	10176	21217
12971	30855	24763	14187	15314
28564	15056	894	28393	3509
28753	10652	29942	7545	21505
4188	13911	371	18510	7925
23129	4514	28238	1676	9370
25507	18555	21565	19487	27029
19759	6123	10292	5072	9438
11208	20231	24901	4117	26787
515	2739	12598	21237	1005
13455	13808	3241	13505	21424
7297	6063	3914	12478	4267
13631	25732	13913	7287	28142
28850	30216	10412	3698	9789
4072	2318	9524	19027	26897
4183	19611	16187	23751	26615
19987	6266	21605	10122	27103
21672	29194	26653	20388	22799
14848	20257	5040	2825	26352
19755	11535	8982	21704	3185
18508	5567	11880	19205	31496
11822	18959	7375	9276	13962
24712	20811	1357	18964	2836
30984	24533	11523	13334	18140
9259	17951	26241	18664	31928
5664	10242	13647	16889	18628
18924	18101	9043	15282	23784
25721	4250	5905	13145	4787
12384	21479	7824	26092	28413
19508	21172	30368	29283	12491
7535	4212	32415	243	23385
6455	5934	24513	22565	27547
26885	25395	1421	8624	18782
14605	13567	2852	21828	15732
16389	19260	32221	24395	19317
23185	3451	28241	4444	26763
29025	12023	23979	22687	21589
20482	10655	22344	21994	7653
498	17094	27274	4060	9155
25497	12357	2760	31814	12476
17501	30157	30507	7074	25997
31917	18383	8178	28445	7139
6437	4865	30887	21119	20579
28435	9894	5572	20076	5713
30660	25219	23552	18826	6880
2102	11430	20138	6625	2524
9301	763	25917	12439	19429
21789	3144	11270	8248	25286
11837	23651	10279	13882	28685
8796	32046	24457	747	20658
13016	25996	1940	7060	18665
19101	23135	8633	5197	8473
5128	27456	19139	27543	19260
31303	7497	17637	25316	18765
3398	3015	28978	21320	26746
3694	2924	389	6054	29114
635	6980	11258	20527	23602
4879	22338	19641	5472	19934
15057	5408	30868	16364	14633
4169	5555	31575	13935	13362
9786	3194	29586	16299	27220
16395	28725	21461	19099	12019
32608	10588	19118	11249	31467
23924	6263	28397	16806	4756
17465	6685	27721	24821	27996
29913	25887	21193	28664	30783
20081	26684	24355	2438	25523
24363	22523	32291	16753	15015
31090	17821	16375	17960	3292
21809	19651	4241	11066	12581
28331	6888	27460	12268	24782
14033	25656	21247	28732	20687
4453	20854	2149	8763	25206
12393	6722	1792	1151	1288
19013	29468	12233	15484	4353
17366	1630	1404	15001	26815
20307	14256	28906	8299	6872
21702	15480	17645	6912	32597
10265	25619	15697	884	29540
8038	20747	19737	32727	4064
17977	26675	25802	10603	20857
26247	22039	23070	138	18252
18822	24886	2970	15493	1787
6614	28493	27168	3935	13695
7053	31443	1614	8781	17172
9906	2693	6391	6075	1936
10505	3716	32640	22300	22296
1486	3672	29367	7889	31928
20666	16662	27298	28975	13032
21916	7029	14817	4347	28021
21914	11968	15286	8818	12403
23861	32263	28583	13537	17444
28508	25542	22130	21412	7852
7482	21319	11387	25152	27651
9926	23388	22597	13652	31493
3040	25619	29934	17649	28484
13371	30778	30530	21224	7507
12073	30751	8835	21888	11980
17808	21031	23752	16818	29863
27641	7701	8709	30574	15788
5384	14691	21903	25026	1155
638	17350	8322	2549	26738
17927	25784	6500	16361	18542
16431	11836	13809	23275	15343
15577	20632	31658	28726	12502
23885	7235	8249	1043	26870
19878	21911	14984	7632	16068
14241	20173	8970	31230	6733
23397	23073	3406	243	3278
5626	2360	4301	10313	10177
622	12081	13161	23940	582
18315	2142	20110	4572	29980
25343	4484	19463	3190	12953
14401	8700	16563	15481	11635
16068	24696	23355	20466	13663
26285	26321	26596	26038	23290
4434	20881	17474	15872	17544
31239	28797	32092	19512	2413
17931	11100	22831	22312	21672
30335	10513	943	27345	7343
24289	21550	7986	22077	22607
11230	1234	29856	3013	16159
30208	12525	15152	23642	8700
26134	1935	26265	18790	13027
12604	24035	21864	16304	4349
4441	13730	9195	5578	22289
12504	10060	21340	26038	5214
23251	28026	11228	28223	17795
27650	16676	15920	8416	17338
19732	18743	24873	8148	32691
31770	1366	14403	30695	2186
27344	16576	13199	10509	8435
15515	25952	14252	30788	17218
19584	864	18802	403	27108
4157	12302	993	12138	11868
13578	5320	1205	5001	9459
15537	15820	25521	3566	11812
24434	21514	8564	10960	19779
21760	30157	11612	15763	28387
25421	25579	3846	15697	31057
18289	23535	13669	18169	23481
26474	8860	29602	25650	16440
1675	25386	6525	13661	18243
25059	11191	30843	22656	5203
7558	2540	19348	9906	17381
19107	29206	30753	30384	20416
32585	15786	15855	21492	21582
22779	2018	25243	25354	24290
13264	6290	21461	2440	32144
5853	23015	4717	5588	762
25219	12327	29497	12547	2785
13274	10255	21382	2268	630
18664	19749	29280	26035	12258
32748	3985	28878	10420	13941
9148	29952	20859	702	22782
16835	15426	11973	15030	11460
7507	6888	27308	7590	4672
9728	31998	6525	19888	31543
9935	2565	13290	25005	11181
15526	13347	27086	13766	21800
27272	5233	1227	12342	22282
20401	8096	29076	13548	25996
29896	14880	16141	14397	5523
16778	27893	26713	30724	20435
29858	16556	27524	21126	7440
977	11338	2489	11659	30611
16773	2243	1460	18951	4686
1722	10837	11365	23888	15027
21220	16298	32565	16313	17369
12016	13263	15497	432	5000
15883	19219	10428	32477	8854
23474	30130	17928	24908	4133
19185	27442	22885	19029	16018
16557	17502	27334	32052	8658
29609	31448	3460	23960	15636
16070	16526	12025	16889	27485
23239	24325	32043	31607	16854
27843	17307	24895	15142	22219
9166	3875	1837	25252	20479
5271	25977	32222	32531	19088
19839	5359	28737	19387	26659
31694	32125	13441	5639	17489
26793	26300	3732	7751	20347
19766	25545	7509	29228	23270
30406	145	14566	16873	10519
22496	9195	7745	22209	8975
4741	4177	25871	18100	3249
788	29209	29379	31626	6689
28953	22255	31863	863	16237
16582	15124	10376	32363	32651
32225	31839	15849	10706	20909
24496	17287	8414	32704	23052
31427	28091	15051	8769	22970
21530	11920	12955	18111	14063
24145	25821	19101	10956	32250
20990	7084	20987	12813	29092
19862	24158	25169	13665	12775
21767	2874	7088	13654	28567
14871	30382	17877	14167	8190
25240	3418	13848	26487	10248
3435	22731	14571	1519	26476
24543	6603	8017	23976	31070
4736	2244	22817	24774	18197
12710	24	8360	28326	9505
10587	20994	21896	24288	14417
30045	22069	12174	11718	16807
29950	27923	31095	1230	2671
27277	22621	29216	10369	29712
19386	31333	9859	18974	29924
2490	32709	22757	25044	18220
28937	10043	5742	12824	170
14682	24206	14661	23946	25435
13526	10174	16573	18292	19002
880	15863	31729	31304	14728
11957	5363	14392	13450	9262
3564	16568	14386	3064	20182
7284	7947	29563	18742	16231
21968	5654	26836	20708	12422
8723	21559	26723	30037	24651
14562	19212	14634	10905	8017
30213	27151	23807	690	380
9029	11674	10340	10355	10023
5960	29488	334	6846	17171
11850	13086	24355	7268	3078
13227	9368	31720	21594	23108
4965	5441	32535	21318	9844
4973	13798	16493	5035	4087
31237	4573	24077	20703	27071
25583	28048	31050	25005	28092
18620	6378	30126	19564	19464
17963	32167	14140	31476	12067
12795	26704	18149	19767	5065
17982	26565	10124	7401	6742
8791	20532	29604	24499	6235
2069	7733	30467	32357	13721
29187	19222	21373	6680	15004
12839	30327	29189	21617	6125
13585	27610	14164	15457	12494
8644	11442	4942	13717	526
11664	4250	24072	21071	9286
27990	8614	14676	3582	12679
10399	31691	14316	3762	378
22452	5195	22313	5225	10887
25371	7704	28776	20006	10908
19535	19992	22657	15240	13773
25693	10763	15636	31760	27321
30432	31909	18719	25958	14003
32082	12115	5942	10105	798
14825	13611	20183	5618	31305
14294	9804	14428	7700	26224
24094	19978	23024	30649	25350
28165	13587	25748	4762	7341
400	18527	19070	10616	3428
27412	15946	11370	22592	20769
16442	24403	23060	27911	26777
20171	9824	20148	18410	7918
30778	27809	4059	24536	29469
25259	24298	11743	9336	17075
6868	6547	4595	21236	1474
4982	24703	22055	31283	22395
24612	14680	31144	5185	2186
17286	31249	18956	12868	8958
7674	7559	6368	29812	17269
6716	29103	8166	5574	8399
9045	10033	3537	31998	27151
17008	3396	24409	29895	26136
132	14016	18137	3796	13144
9633	27299	28449	17496	3823
16591	23209	25364	30433	30816
2913	17667	13167	31613	7265
32050	10381	23808	22150	8872
3110	4798	10953	29084	28119
2196	30302	21334	32368	22582
27788	30949	21291	12727	16975
29830	8362	16600	30639	32207
10674	6928	23262	19614	23978
607	8469	14021	25297	2259
12587	31859	2114	24791	31738
28513	23465	26175	32369	24768
24259	11283	18809	485	6295
6943	11145	9138	32374	27959
22536	196	28852	4426	10342
32350	18211	17454	21240	4120
10579	27173	13208	10823	11916
30002	505	28459	392	25630
4554	732	1009	9801	30866
12785	11677	28721	13638	22261
9099	19652	13739	10890	17053
30565	21870	27227	6675	19136
13061	707	4555	20558	30275
10047	14395	15527	25790	1428
29738	25739	24545	32703	5681
30382	10448	6305	1525	1607
1535	32615	1825	12887	9872
26043	21030	30138	24433	3244
31922	27631	7730	13406	28145
5799	11687	23153	23174	28687
10305	29490	1096	21981	13357
2436	14781	6428	25898	29068
20823	16056	24619	31264	7281
15561	7344	18669	3591	16543
24548	19818	4408	18834	19831
30336	19325	9350	10809	5878
18087	5184	11387	9374	16026
12908	30246	15937	3787	21866
5272	9291	31611	1756	8770
4151	21168	22257	26114	5816
8440	6254	3137	173	30173
20865	21964	18114	29735	27973
22644	7141	10708	31252	11620
12911	27608	144	10565	10255
12693	16240	31251	17526	11289
22540	18109	30405	5401	14247
11391	15798	29105	18814	13824
26252	17625	15764	10282	20155
28071	28731	16589	5208	11591
15970	17139	24895	4282	21154
27905	15622	14929	14087	13458
4516	18152	14238	25619	20193
19171	25027	30238	22653	8938
11303	19096	11040	5220	5027
4489	25605	31156	14528	1982
5988	30262	18947	24864	8612
28152	18169	31955	24381	15673
26629	16142	30575	27554	14060
11453	9636	22342	9245	9432
11686	4955	9409	21377	26241
30390	9607	15072	2102	5640
24109	28095	10276	9690	20941
22500	4150	74	2029	12338
23757	19075	19012	28798	3436
30205	29517	28466	29734	6522
6542	30372	12232	23996	9125
30260	7366	31239	4375	10535
26854	31833	984	20294	13742
22892	22170	21302	30095	104
19414	31382	28622	28264	8603
31707	5942	32179	5657	5611
8063	27831	10476	1402	32124
22724	9514	29736	15880	10382
16427	15703	24494	8801	22811
9422	6939	10786	9536	23311
17989	25353	21772	27512	15959
12576	32226	28700	1123	22138
21672	10079	30918	10292	1297
18259	24922	5933	12711	10966
9823	2181	26779	13415	29222
14806	6477	717	8067	11573
22169	21350	8944	22759	29159
11855	23169	5859	15089	14393
28812	4108	28755	17926	15636
7979	11476	3623	20986	26542
23926	5045	7650	7202	3135
10064	20966	12402	3014	6587
30205	29661	20349	31796	22570
20153	31936	2708	16996	8169
161	6955	9032	30239	13936
12377	5505	8402	27405	2028
29171	21758	18671	17469	22698
24991	30960	2825	23686	12267
990	13840	15778	2898	16578
29040	24201	27958	23534	25535
24600	18538	17096	15338	4145
4204	89	16591	5924	30819
22165	16029	4062	9687	8296
28135	30415	21298	18565	12427
7069	7674	24813	16453	394
31948	10049	11026	23205	6423
457	14662	2484	2206	16704
6508	22236	8876	13157	28129
17174	27924	21059	6191	9810
23791	7227	24107	1128	26389
24790	17613	17603	7255	3660
15570	14540	19843	19411	32019
7448	29461	27817	9891	336
21693	2016	3756	17124	11413
16621	18951	1647	16926	3310
22172	23529	14592	191	32383
31119	3966	29627	20679	14738
2234	850	19502	18049	32430
17231	5994	8824	22502	9958
25422	29958	7423	28289	21151
19423	27104	9799	951	14919
14010	368	6108	825	13504
7756	21598	14937	15014	32524
14706	1952	31963	17239	10961
31169	3463	28301	1552	4958
24643	18137	17086	32492	19867
6393	30783	5478	21061	27853
25963	9141	1566	30369	21990
6874	1768	20794	317	5857
21189	19618	16326	26758	20082
23987	12596	3492	29509	31334
12540	17505	24805	28377	13419
9499	20171	30498	28292	28433
6524	10710	21915	29649	26499
32599	26290	19814	8752	481
17047	19261	15891	29267	185
16859	3895	28095	21454	10561
9503	24496	23591	13850	27266
19774	17358	22955	1222	17618
101	21623	12093	32442	22206
18357	3617	31340	31801	29043
13648	9370	29153	32646	24264
20985	30022	9528	3298	6865
8984	24497	5199	25413	10120
5409	18899	7264	6239	31411
20419	2531	21722	27953	16191
6353	1868	10359	10544	4790
9330	2457	11008	14779	1173
18388	4892	6507	29282	20533
20779	6211	19337	12299	11787
5628	3864	14862	1936	8855
30100	21068	3067	6700	28380
3287	12604	12659	8638	2864
25576	16143	18774	17522	10744
19870	3115	9278	13639	17026
10503	11370	8650	9580	5530
1384	23437	21677	27341	10616
26737	12860	15079	5773	4519
5510	11619	13057	10475	3577
31883	20728	25985	16974	12508
31892	5360	30874	13850	221
7041	4884	9773	20334	118
3492	26050	14048	523	18480
28322	5112	27950	10661	25552
27024	13565	26567	19301	2886
1539	32697	2604	18150	20787
11084	31997	14488	2720	24328
19418	13769	6146	7419	21195
31450	10985	10307	15481	1931
702	25949	10893	22054	21119
29484	1990	22891	17974	18633
24540	27966	25662	25613	22808
9747	17973	21727	11184	11029
26048	12606	13028	1817	30978
15885	29657	7238	6874	22690
13880	9856	15071	27917	2694
30873	4379	1320	23106	24630
4491	15459	24000	23683	6995
9292	5064	5014	24513	26081
5869	12964	15624	11158	27823
9446	2232	8229	10832	19785
1536	3608	2935	11992	932
27671	22150	12266	23996	25074
10939	25611	24370	4717	5128
2219	16121	13775	179	8329
13582	20777	29869	23005	25391
5735	5812	11080	3422	14616
29479	21372	24084	17405	4268
10155	12870	15187	12932	23728
10521	6112	25769	14080	29540
26303	11693	19791	7913	6636
593	18946	22867	21903	22248
22359	26351	17929	27242	8790
18730	19135	10071	8311	20687
425	13905	1040	6141	32665
7800	2949	8169	16716	3973
5934	3673	8498	12710	12806
18140	24061	5915	31001	23498
32235	11157	3500	4863	6868
15689	32297	31318	25331	31703
20945	18407	23156	2270	8992
513	10689	30299	29951	10982
1164	20166	11948	27721	30108
747	27242	32392	7001	22921
744	18345	8470	15532	2930
28182	288	202	7897	23320
23434	416	12579	26901	28086
12490	20467	14730	30372	29221
32183	28358	5115	25061	5011
17772	25559	24693	22033	18854
30552	18	10373	9257	25062
12325	2881	15086	28998	16997
20606	8618	23134	9641	13317
5649	26312	29326	16800	975
28441	9677	13892	19523	11758
9305	18427	19962	14266	25915
147	26606	9042	23854	5896
29827	12085	2042	29618	30781
28573	11152	19247	66	20806
12522	31758	27796	32001	11937
6976	8714	26615	331	23359
24595	7358	3482	14844	13866
2334	2102	8585	21784	23712
24405	26507	14317	17370	8736
22365	24764	3197	454	13061
9497	32283	18524	22231	18004
29625	24955	27627	20850	537
20632	21824	751	14020	12577
17325	10806	15321	7261	7307
18652	27800	4353	7972	27040
9901	14481	29914	27427	25662
9852	6167	14951	27315	27894
15864	14602	6728	9109	11961
19263	10836	15275	14558	18832
24150	15974	11047	21077	32709
20648	305	14066	10388	6311
12012	212	10887	24900	14016
18987	7992	5933	30334	26213
27880	31665	22281	5741	19463
10598	19137	17576	6529	18045
18099	1196	462	224	8833
21182	20664	12304	2834	20242
29163	14529	29690	28865	28222
3634	13224	27786	29124	27982
13906	19273	9873	11652	29601
27703	28748	17255	4892	28391
21625	20741	27476	16636	7044
24583	18389	19371	30348	8589
8647	31988	13813	20422	14184
10399	23724	3411	11818	31993
7225	24153	11179	1868	1414
5992	4441	1055	31345	24079
18145	30514	11283	5947	16220
18232	12750	24404	9528	22866
1305	26646	22760	26704	28171
22575	11851	5030	11432	2205
5341	25136	27374	15302	5792
13477	17311	10836	22984	25565
27085	471	4393	1731	15655
12568	1889	7192	22277	7742
12485	5101	23605	8867	28685
29917	8067	26740	31166	6414
24842	1546	603	16103	13886
29452	9034	27022	26293	13121
8840	19752	18872	21302	2316
17104	28813	4755	13308	84
10626	22590	19602	4018	10169
19501	21197	16981	23479	13067
9943	7183	18603	26514	15673
29142	25214	3491	27073	14398
16542	23334	27951	15802	12682
4772	12706	19602	31518	2981
25029	28835	21404	25803	18104
23770	24446	15275	6336	11375
16382	1647	11951	31713	32353
27436	14354	5556	24583	12548
28188	12013	28468	9979	26453
28490	17564	7322	31234	16705
23984	18502	22867	9663	2987
14173	22863	1949	18267	9237
1408	19170	30128	19733	30302
5051	26886	10961	4476	315
11058	7846	8308	22483	23630
30649	27283	22415	12869	27023
15685	14870	25885	20588	3903
5215	5127	24429	10863	6195
28456	5220	2211	29032	12837
3447	20219	15063	15217	7288
5136	18210	19542	13314	23777
14631	15812	2647	31873	10306
13789	3580	17027	19527	10812
2065	9249	27963	15113	2162
19503	4821	12989	30608	15810
12215	14006	27149	30111	17516
29818	4633	13925	13856	22475
27279	27514	21795	5487	30670
20151	20252	5820	14936	15571
2317	4581	12077	25744	7434
23303	31205	15527	30649	14835
5264	27764	20872	20665	8526
4962	32689	24313	14765	6932
22767	28137	22469	88	10749
12581	13589	16077	30163	10298
15132	19278	32160	19697	25015
18725	19590	23131	5949	26097
17175	30881	3676	2131	24211
22920	3506	15707	14304	4551
7467	4277	30277	15113	11549
15251	12783	10944	4901	22106
544	18863	30911	30988	13112
22582	6055	30328	24677	11100
24563	7715	27945	11934	25581
12533	6801	13946	9650	29859
13359	28602	8844	4576	4316
30593	14351	10563	25391	26647
16117	19190	5563	26228	30649
15652	12044	31886	9462	15648
31072	19554	28542	10070	27174
26564	28730	12786	1336	22760
31685	9810	14295	10156	3015
17708	26474	26539	25105	16767
12278	6914	16765	32315	3677
30176	22659	31407	29270	20176
14748	6582	29744	18374	32087
12193	10822	31723	27196	739
23105	15912	15972	11135	528
13428	30420	32050	29864	23518
12446	26720	1660	16729	32694
32191	1468	31563	22421	197
31309	12244	24975	13522	27019
13278	23797	20765	6593	3817
25834	18272	4452	28564	14342
18755	19987	23786	23980	14474
28495	12402	17707	28157	20730
9461	14999	795	20881	1549
19814	2685	16425	19570	1226
25356	11818	13060	32208	4578
8398	4248	20285	20225	24153
642	20259	12470	21270	13287
5703	8651	18965	19903	23859
3696	30118	23469	3865	29670
915	12671	11886	16113	14625
7555	26434	9467	21189	29583
27489	25608	9127	15566	29740
5469	12504	6220	1588	32496
17490	6209	21147	3982	13235
10270	21035	29134	22201	18264
30259	25017	27004	9463	2854
12598	22127	26589	10481	10040
9237	12247	19743	9638	642
7013	31407	16909	13464	24138
31665	15624	20735	13522	8355
1131	5857	16358	6541	11314
21099	5585	17630	2604	3331
5071	4101	24679	1353	15450
17871	16986	10960	11829	26243
8405	6553	53	26047	10409
20819	3538	27153	24599	9301
113	27220	12025	6743	8559
17617	15794	17140	16621	11281
22231	13280	15710	1411	14234
12009	30673	5587	31483	11183
16639	5892	2989	16674	2836
5203	18633	10944	27710	10188
18740	25996	15862	30121	27089
8397	25873	366	4711	32396
3717	14533	23889	24522	27900
20505	3560	14469	17179	19701
432	10089	18063	23067	2117
19799	10204	16740	19972	8343
19172	10075	17785	14299	31801
25751	15243	18683	12068	6364
617	22378	4210	21489	24371
20091	31233	28735	9833	854
4878	31534	13076	23224	10556
18239	9398	3694	3683	1001
4082	20111	1822	30517	3580
14972	5651	13592	22207	28057
12289	28820	20943	7112	9355
17037	18965	31146	18374	620
12340	27796	10372	3189	6077
15955	24414	4585	23320	20640
17027	20187	4653	3170	2627
16850	18389	2214	12891	16676
6660	9566	9214	2573	12466
5597	29864	9618	14222	5902
17826	16152	18018	19832	4179
18627	25668	1778	27469	2448
4482	23589	5139	28977	1099
28102	18860	19883	1053	14736
17385	16050	4082	17156	21365
704	15146	3040	30369	31223
27959	6241	28397	31420	28683
31544	9045	21519	31041	9548
23393	6572	6669	30005	7916
5603	16869	17012	18095	32056
16364	24692	2453	16314	28451
21826	4797	5156	31055	16395
27726	6325	23720	11097	19199
9679	8262	18189	1634	11858
25419	17947	18931	18870	13009
23560	19172	17386	21138	5669
3750	20208	25690	3209	3639
12853	6701	9935	16942	5041
24376	28820	25480	14019	9080
14767	27952	19658	13868	32303
10832	13187	23291	21013	23898
15653	1509	19670	19413	24126
27116	12431	15080	23883	18046
18694	10407	24602	8105	15973
20001	29408	19709	22453	13862
25882	2880	26907	29912	6180
31957	27094	19448	7066	17641
28148	18414	13170	10595	32727
8598	9173	26505	5483	28877
24258	10098	7460	31678	28514
14895	24250	12012	16169	3768
11172	2560	4273	2456	6998
3408	19541	11096	20281	29747
31376	12717	31342	18439	2068
8032	10563	6143	12202	22273
1137	25005	9676	13387	3100
30291	25092	20566	1671	26857
8706	23679	7834	20718	640
16407	28182	28143	18902	25806
28562	30680	16476	24030	5181
10238	12931	22007	31058	18152
30898	28653	31065	19168	8418
1572	5412	21310	5624	29879
28805	3183	24806	23147	24272
18632	24448	31830	15124	23053
3359	14415	2072	30655	14583
12821	5143	15913	17976	10046
7227	4649	20967	5605	11227
30143	23163	8723	13173	6487
17719	26090	4970	13782	23882
6291	5756	31590	10408	14317
6152	8450	11942	8434	20994
24769	3160	17129	3765	27874
29355	22862	14904	10651	27201
22657	4015	14241	30992	31025
24135	7031	1465	3718	8687
3447	5289	4881	27607	16033
15089	6260	22186	7719	25318
1489	650	27572	15992	20723
21711	8832	851	7743	30592
2325	19639	29528	21645	29150
16152	26773	2258	30836	18805
1316	2764	18344	8312	12795
281	13392	20306	28546	1201
14546	31316	14849	19175	7538
12110	18635	29469	22875	24488
5160	29770	30831	24641	19971
26157	4558	2827	14680	8782
6952	24163	3164	30905	9411
13873	18793	29818	19019	31428
15024	27607	25693	24938	31901
22608	18130	6866	17161	12887
6091	2851	17698	19664	2945
26584	31770	27719	4297	22370
8338	5619	14954	28284	4805
21102	28959	10060	6517	24626
14954	11838	9109	4563	8223
8352	30907	21502	1196	6397
1092	5941	28713	9531	10052
6472	8739	628	15669	19090
29736	14996	16219	19193	22802
32695	13048	15011	1300	24896
20020	23161	2694	14008	32715
14429	30576	23661	17780	25386
16344	7623	32021	25199	203
26985	7336	28139	26670	11019
31979	8392	19778	26394	8906
9368	17912	29708	13197	4112
17658	28037	32705	30086	3189
15659	20712	23852	424	21834
26080	9994	11566	31015	18963
4285	29707	12068	29540	23281
21880	14488	21204	19104	14703
11115	17400	520	7157	2420
1819	28013	8490	29076	12850
16275	24081	18063	17540	14842
25120	26541	18710	15575	19847
22293	13272	23255	64	27108
26000	27795	11739	24080	650
24529	25095	29184	2045	16000
16864	23015	19515	10610	5626
12004	21921	17111	26929	13275
13369	17533	18479	3089	18991
15817	28090	16265	12026	13685
26563	10530	6470	11015	302
10861	31651	13333	31842	16720
16368	12602	27280	23388	19845
22230	11204	750	17955	1417
25517	16903	9629	11887	28460
22251	12354	16153	9887	5757
23569	20814	30954	6229	8348
6790	11082	2215	22968	22306
18905	15315	10474	11628	5344
24523	401	17491	30431	26409
19411	2531	20318	2572	19016
25990	7794	30902	11881	20989
23822	7142	1975	6940	3599
32502	31147	15176	21509	16309
25696	5297	6082	8194	27651
592	2981	5421	2806	31904
6052	28941	6855	19996	31258
225	32724	4987	10582	15847
25530	942	16863	27582	10882
15253	3465	16508	3722	2437
28473	29327	3893	29819	16247
18516	7762	31516	26040	1401
14413	18036	14953	21011	21272
19563	32187	30590	20439	7686
28465	3832	23374	23907	20971
32253	26890	6003	27056	23648
13650	32117	15549	8238	31181
14902	9807	11074	16624	24330
1522	5800	1069	9352	6024
22451	221	31497	16408	6876
28649	9952	23388	28769	3132
25686	22025	9882	5097	20332
8412	28185	12315	2896	18537
9097	28608	26011	15779	23363
16629	29008	6954	2737	5424
21909	29527	27491	7215	19503
29449	29683	16804	3007	25902
665	22941	6590	25360	5517
10165	16441	15717	11552	11517
9037	27157	13209	26791	12898
713	1744	30584	28967	8248
32652	15852	21585	7728	4766
2342	11795	5223	26554	21150
26204	4095	536	4745	31443
23003	22223	19719	659	21924
27884	17935	12710	17817	25429
2074	6211	32539	30816	10642
6599	23540	28466	31993	22389
29803	28377	6106	2798	28168
14121	23664	3183	27431	18263
29207	204	26431	21079	22646
27440	3056	7413	362	7826
19150	8629	7601	19190	18415
5740	2139	8809	24886	12187
31985	20921	24158	15759	1122
18680	5574	32569	17585	4016
4606	18125	8032	8419	1045
19485	19099	2761	3745	18612
20773	20040	13707	14770	9475
14899	32415	25451	12523	15939
3799	29374	5226	29142	20578
22581	30423	19049	28024	14561
7418	15830	11229	4339	11644
19535	30006	25627	20494	11798
6159	6048	4953	8450	3496
21060	17833	4530	20611	32213
11353	7310	4014	18067	17916
8834	19152	13381	848	28025
8950	14618	8931	8347	27675
21056	7043	28743	19321	5702
16743	24015	28306	19762	4638
29430	9981	28258	21307	14634
30449	8227	28606	26754	23187
5395	16449	2678	23039	25399
10727	3168	12312	12507	16388
32182	4624	21293	21644	30212
25526	15000	9021	24236	25730
18657	908	7262	8546	27908
19793	21589	14146	8396	23601
18774	12894	9269	24015	3178
5703	4738	22194	32086	23222
11548	2548	22239	26900	30769
12208	17087	26309	1288	9769
12645	22584	1574	2490	29040
26800	2339	24450	17130	25295
29257	16075	25156	9703	5617
9535	18197	9216	2974	25033
4755	13481	5846	16972	27085
18559	16836	28679	14254	18815
1423	9923	4786	13323	7288
12993	16997	13501	22966	24934
8352	22255	8977	20644	21123
4103	26688	18728	5425	13187
13316	3910	6734	7112	13057
22180	12346	5034	19551	17576
12810	19642	10276	11682	31563
28243	16208	30905	23413	2403
20918	22167	17713	31994	23965
14036	13643	6036	29978	10275
3445	295	3371	3903	24257
14827	8852	24723	24540	14828
20601	18604	2827	32080	13504
28511	8167	2408	15909	16825
1241	13945	16410	28331	17491
19017	26724	626	8659	12136
29302	19656	665	21827	13452
32204	9763	1258	25223	9650
27245	13980	8843	810	6121
13336	20314	19602	28992	5027
1135	24539	711	22488	20442
1339	28096	16434	9694	12439
11093	5722	29260	28079	852
1074	25502	25351	12971	16029
19411	6041	32163	4373	13068
26428	10716	5610	30699	20946
7181	10075	6567	4404	5496
21846	2031	8670	19758	27663
5252	10843	24839	22339	25237
28015	23136	28233	28633	13062
17043	29917	4975	21471	823
23724	3701	21496	3612	5023
2666	14264	2309	27367	8516
32735	31012	25293	19280	30766
10838	26423	20174	17621	20003
18681	3400	23201	3699	32737
19126	19938	4113	385	19027
9245	8417	14522	23869	5238
3553	27149	16079	25308	23778
4257	23231	16882	26114	20
22774	26561	2288	22274	2866
16670	31199	3670	6238	28636
25159	12627	429	32690	20830
2657	23928	32235	14426	20632
25565	24528	28259	8718	10515
25557	30810	22241	8591	22918
4172	30979	19416	31791	10420
27848	7211	19534	26484	5681
1486	5049	21650	1782	15924
143	14515	341	5590	736
26456	23453	716	22812	28890
4217	14637	30524	30758	2045
27948	13490	10297	25970	6895
27921	1371	26081	28718	32637
5659	7010	13201	22736	8205
4386	17862	29841	29766	9269
6244	150	1940	7457	13954
3955	21118	22054	15126	1449
13567	31311	20751	11663	23041
10553	6450	7679	22171	2982
4534	24514	266	9409	23454
32185	15217	27695	31192	27600
11856	31962	26138	28834	11974
25724	6008	32236	19590	24557
22213	9140	17307	4141	31920
2613	19931	29745	30106	7825
4140	13166	10040	24117	8058
1318	5101	27915	22900	16501
22501	25187	3337	24858	23537
30879	11942	3334	23077	2976
5164	26279	4147	4596	29875
14321	15238	31932	10241	16945
15134	10846	25032	16017	29486
22512	25763	23402	20087	15711
26831	16973	31074	16483	12969
29391	13024	27171	5355	32280
20226	2983	23206	28458	18263
15618	21759	27634	29961	9019
2217	23313	20662	10495	14118
6759	21519	5641	16317	4708
22835	12621	5178	12813	5065
23016	15720	8144	32736	17095
11087	11017	25222	15641	19758
19024	14378	15733	11575	12937
11442	1995	3085	21161	31067
11788	14334	16456	17492	19865
7168	24812	24090	14189	17005
23567	30866	28425	18302	8694
13288	11298	30601	4913	7466
19213	5370	5360	31395	22502
531	7692	504	8324	19043
2257	21508	31005	18440	13709
23157	8120	24740	18906	25379
27222	5664	6314	5428	11231
26403	32535	7152	31694	15185
16872	9061	19612	22340	14307
698	31981	5195	19669	12372
20349	22501	10594	23466	30153
1787	2957	18664	6525	28897
7174	19015	4256	28171	19511
29479	10369	11919	2317	24817
13153	29790	20102	13743	17629
13634	26623	8296	18722	24727
26939	3901	25295	17609	11314
26436	15272	20625	24480	24104
13313	11246	29257	20861	7397
25830	26380	14308	26889	11258
23982	2019	115	23658	23652
12417	8938	19501	9758	32676
1308	8110	10646	4651	5266
7496	21787	10699	3668	15488
23326	1194	21595	27909	13177
4797	11707	20840	25987	9442
23949	27035	26324	29116	15518
26923	6873	3154	16857	13629
16150	10343	9588	17994	20542
18583	2781	27034	13301	12854
23907	7810	13151	17128	19365
2909	4720	1024	3515	17995
20467	6042	25126	28076	23127
23415	28024	19547	17724	23963
26818	1450	19393	32424	19138
1314	11148	24056	22473	11767
9366	27517	17518	1613	10684
15194	22261	23085	3589	30525
13180	4678	15028	2435	16107
14947	14861	24073	17561	29616
8936	21715	19135	20140	12535
16991	16797	18669	5590	6599
31086	27287	20183	7321	2829
16282	2955	11383	8035	10415
28944	6765	16792	16400	17950
4117	10229	19962	21456	28269
8091	2275	1842	15987	1766
7547	8078	3973	670	14949
30070	24443	23011	7090	9873
26754	9431	21026	12838	28855
14857	16921	21098	30599	1700
5731	7817	23753	15708	8871
16758	23960	2068	29101	20851
754	10319	31567	5215	24082
12893	15936	15555	11917	20290
14720	27547	20015	12645	411
740	32403	10237	28069	5354
29828	32059	6133	31822	15639
2871	11940	26841	22660	13212
20420	27908	9928	9748	28000
22595	509	8561	30008	27157
8820	7072	14393	10701	10392
31822	19902	28445	26754	22103
28297	26471	21339	19443	895
9156	6773	2464	25639	31696
26665	973	225	20796	19054
25419	29926	17	11070	19572
15363	1989	29353	27928	2069
14591	11957	32044	29251	29738
23805	7729	1022	17595	12805
17765	21434	25923	31326	7340
12649	30772	29053	1597	7868
371	10844	12045	3865	27809
26062	23547	11098	11305	29347
24000	5451	15625	29568	22420
26338	7009	9851	17569	26940
29630	2681	26665	16220	7459
32327	5238	162	10203	13691
29829	32525	3329	7945	17521
13616	19148	6564	9377	6134
31131	4570	29617	18453	9668
26094	23329	24403	31260	11124
31424	21883	1862	12975	24278
14622	13244	25515	11540	14346
8351	20761	13372	13196	3902
7405	19088	23653	4968	2745
9980	4749	7794	23495	8451
1194	12039	20729	873	19278
12722	28257	23973	31732	24109
23712	5	28600	7527	1023
3743	14809	17495	15695	22268
2545	12163	13441	21634	30190
2895	22788	4005	26584	21766
30689	17357	11073	24746	23449
30726	22155	28539	3514	30314
3037	9033	5699	20046	19938
23163	21693	19759	25671	16603
20245	6746	3059	8487	4668
24927	28421	17240	125	14131
8335	25519	10657	9768	6164
3717	2244	3213	26817	27856
17398	14884	12398	19828	18833
30792	31316	30544	26461	26843
4492	4099	14181	26609	32588
9090	32406	23614	12512	6235
22813	8768	362	7366	20606
32299	9049	22640	14197	16537
9642	28423	26509	2542	4321
8069	15489	22668	22470	3134
26966	19900	6112	30632	820
21847	26035	492	24072	7224
8377	13104	5852	354	2849
24226	26609	28144	8521	10820
8865	16320	27901	18298	27384
13022	20589	10325	4364	30130
1264	15773	9248	21482	18811
2464	7036	9253	31967	5053
12554	25700	8134	2223	18864
12593	31339	5019	1905	909
25117	15320	24899	24987	23153
21376	23726	28173	3658	17082
17705	594	23690	15301	32052
16252	29845	9157	17716	16883
16010	15438	5139	25564	2880
22961	23956	14918	18434	12809
25207	14618	12811	4355	26192
10689	17856	31857	26407	24723
26032	5518	13008	23811	30028
17167	30217	16523	25445	28654
8533	18520	24682	27381	16283
13750	15455	13069	6781	20793
10397	15428	18554	29873	22860
31136	194	18379	17056	14246
20700	7047	28118	5032	4090
4190	8685	7122	11288	29487
23589	25587	11479	31981	21561
6924	2075	24842	2139	28059
9317	22178	3316	16548	9458
2152	7192	4484	23441	5969
8395	1653	31813	7170	14838
31712	28318	21242	28967	6758
22744	24447	8460	16813	16560
20810	18349	21482	24074	22770
16492	11827	31556	22296	8638
22914	32600	12888	15015	16520
32180	8171	27639	30264	26585
19228	22854	22798	15541	1904
11696	7971	20929	31124	28753
5874	4570	25350	9343	10472
19937	31876	12746	26029	31505
2869	20405	11573	31523	7320
28977	14981	18979	5424	27613
8262	11792	32236	22272	523
17462	15448	24130	5730	2124
8582	1069	15772	12621	31674
4200	14684	23	5848	9645
20706	23492	22414	15247	28181
22476	23873	30702	32594	32727
22201	9269	10743	1379	30091
14938	6573	11034	11338	17811
30841	2545	9068	4825	23426
3072	4350	27934	12448	14628
24328	24909	30889	12630	19646
17926	23162	28874	30315	790
23239	14791	28701	21688	17571
16457	24337	1677	3790	29528
15837	25181	18882	38	14176
20107	25212	27371	17513	22618
17931	22913	30762	9698	12761
27583	10075	3024	15548	15765
22062	17120	25788	28396	6390
31004	11682	19771	21397	15058
7237	31465	938	28502	6804
12390	376	25980	4194	29447
25493	11220	15605	23974	29015
12452	7501	22261	20478	26022
27444	20902	22177	25478	266
29245	13530	18714	11853	14000
22576	21087	18666	31684	15433
25399	1863	31782	4556	485
28429	9548	26647	32068	25782
24073	17830	15050	10202	6899
23358	26688	18489	23669	15837
3391	24455	29363	21345	14442
7163	8993	24058	17517	26518
3041	21073	28856	14388	24801
25717	18940	21588	24240	30602
7778	6310	3877	23600	31118
2649	15278	2484	25686	16931
10617	15865	25666	31757	31557
12325	30403	22532	21765	16907
1076	5919	7481	23643	1682
25009	30732	24971	24570	25102
22574	25476	7398	16414	16751
2061	7718	18851	6432	18424
26273	21322	8234	29966	2249
7795	29419	12988	28639	20416
10964	19834	236	16991	32195
7423	20347	17432	30497	23846
25111	1557	9915	10654	17031
20085	24929	2132	21964	13967
28481	11938	14295	518	17409
27956	5898	23185	7326	28350
19317	31879	7943	13664	9677
8237	22392	724	12844	11200
12184	5981	27275	31297	15185
29551	5375	17155	30579	2079
